0.875
0.892
0.933
0.956
0.9
0.869
0.869
0.861
0.914
0.917
0.914
0.897
0.906
0.886
0.869
0.911
0.914
0.903
0.847
0.839
0.869
0.889
0.897
0.886
0.858
0.853
0.847
0.819
0.853
0.903
0.911
0.858
0.839
0.814
0.792
0.806
0.806
0.8
0.786
0.806
0.756
0.761
0.786
0.806
0.842
0.853
0.786
0.756
0.775
0.794
0.808
0.833
0.844
0.836
0.817
0.783
0.783
0.792
0.825
0.808
0.806
0.806
0.808
0.839
0.869
0.889
0.914
0.956
0.922
0.861
0.894
0.892
0.919
0.956
0.919
0.881
0.878
0.872
0.878
0.889
0.928
0.917
0.844
0.839
0.908
0.917
0.933
0.883
0.869
0.858
