0.772
0.531
0.661
0.597
0.397
0.767
0.531
0.681
0.6
0.869
0.861
0.914
0.592
0.358
0.817
0.889
0.897
0.886
0.603
0.597
0.406
0.819
0.853
0.903
0.614
0.397
0.508
0.775
0.581
0.586
0.6
0.586
0.581
0.583
0.458
0.653
0.597
0.406
0.764
0.586
0.581
0.419
0.814
0.792
0.806
0.581
0.472
0.667
0.364
0.817
0.503
0.633
0.586
0.408
0.769
0.528
0.625
0.575
0.411
0.758
0.544
0.622
0.578
0.558
0.494
0.833
0.844
0.836
0.881
0.878
0.872
0.572
0.575
0.517
0.331
0.847
0.408
0.758
0.569
0.567
0.558
0.564
0.394
0.744
0.908
0.917
0.933
0.717
0.575
0.583
