0.814
0.811
0.789
0.792
0.789
0.817
0.653
0.994
0.844
0.811
0.789
0.772
0.839
0.856
0.822
0.828
0.822
0.794
0.797
0.792
0.822
0.869
0.822
0.786
0.792
0.775
0.786
0.811
0.817
0.828
0.844
0.806
0.775
0.8
0.789
0.858
0.842
0.825
0.803
0.836
0.792
0.789
0.819
0.844
0.881
0.822
0.778
0.803
0.811
0.797
0.836
0.831
0.825
0.811
0.789
0.781
0.808
0.842
0.833
0.831
0.806
0.778
0.797
0.781
0.792
0.856
0.847
0.822
0.783
0.786
0.786
0.817
0.811
0.85
0.833
0.811
0.783
0.772
0.786
0.803
0.842
0.825
0.811
0.778
0.8
0.789
0.8
0.817
0.858
0.831
