0.728
0.692
0.714
0.714
0.714
0.728
0.761
0.756
0.731
0.703
0.692
0.697
0.722
0.756
0.742
0.747
0.733
0.739
0.703
0.703
0.428
1.006
0.756
0.758
0.744
0.722
0.694
0.722
0.725
0.431
1.022
0.761
0.736
0.733
0.714
0.694
0.681
0.722
0.764
0.736
0.731
0.722
0.711
0.7
0.708
0.711
0.728
0.489
1.006
0.736
0.708
0.689
0.697
0.686
0.733
0.747
0.742
0.717
0.733
0.719
0.694
0.697
0.708
0.733
0.761
0.75
0.728
0.711
0.7
0.717
0.711
0.733
0.742
0.75
0.733
0.725
0.706
0.703
0.692
0.742
0.475
1.039
0.728
0.728
0.697
0.703
0.711
0.706
0.728
0.736
