0.758
0.814
0.931
0.847
0.792
0.789
0.8
0.767
0.817
0.714
0.714
0.728
0.811
0.803
0.742
0.772
0.794
0.933
0.947
0.839
0.594
0.933
0.522
1.039
0.703
0.703
0.428
1.022
0.522
0.969
0.553
1.039
0.572
1.078
0.578
0.972
0.722
0.756
0.742
1.067
0.6
1.144
0.858
0.831
0.764
1.022
0.761
0.736
0.919
0.914
0.814
0.764
0.806
0.967
1.042
0.958
0.806
0.781
0.794
0.878
1.017
0.911
1.208
0.733
0.761
0.75
0.706
1.644
1.036
0.878
0.753
0.803
0.858
0.889
0.647
0.717
0.711
0.733
1.039
0.728
0.728
1.2
0.864
0.869
0.797
0.783
0.783
0.706
0.728
0.736
