0.761
0.742
0.733
0.717
0.728
0.739
0.722
0.758
0.744
0.797
0.803
0.756
0.719
0.725
0.731
0.825
0.808
0.794
0.761
0.756
0.764
0.733
0.742
0.736
0.761
0.758
0.714
0.728
0.7
0.689
0.692
0.694
0.719
0.75
0.769
0.747
0.761
0.789
0.781
0.778
0.758
0.747
0.758
0.758
0.761
0.808
0.875
0.686
0.792
0.806
0.786
0.764
0.767
0.772
0.739
0.769
0.781
0.761
0.764
0.794
0.842
0.811
0.808
0.8
0.769
0.775
0.842
0.867
0.7
0.789
0.775
0.769
0.803
0.808
0.806
0.761
0.769
0.789
0.817
0.856
0.844
0.758
0.825
0.842
0.814
0.792
0.778
0.806
0.836
0.825
0.828
