0.675
0.831
0.794
0.797
0.803
0.756
0.869
0.831
0.806
0.808
0.806
0.806
0.761
0.85
0.847
0.825
0.808
0.794
0.8
0.844
0.75
0.856
0.814
0.828
0.761
0.756
0.764
0.731
0.867
0.828
0.817
0.806
0.833
0.758
0.781
0.836
0.85
0.822
0.831
0.808
0.875
0.686
0.8
0.861
0.833
0.817
0.844
0.767
0.778
0.772
0.869
0.842
0.811
0.808
0.839
0.756
0.781
0.822
0.853
0.825
0.828
0.839
0.758
0.778
0.789
0.861
0.828
0.817
0.775
0.842
0.867
0.7
0.85
0.85
0.808
0.806
0.786
0.822
0.758
0.825
0.842
0.825
0.839
0.806
0.797
0.836
0.728
0.853
0.836
0.814
0.814
