0.964
0.889
0.886
0.961
0.892
1.742
0.914
0.831
0.922
0.839
0.869
0.922
0.928
0.875
0.953
0.911
0.908
0.917
1.067
0.897
0.994
0.964
0.864
0.944
0.944
0.886
1
0.989
0.914
0.989
0.986
0.919
0.994
0.931
0.886
0.981
0.978
0.889
0.992
0.892
0.836
0.839
0.95
0.889
0.972
0.942
0.911
0.961
1.019
0.931
0.983
0.858
0.883
0.894
0.944
0.864
0.986
0.925
0.889
0.989
0.939
0.875
0.967
0.914
0.883
0.967
0.967
0.894
0.975
0.936
0.892
1.011
0.975
0.906
1.011
0.889
0.831
0.797
0.983
0.975
0.911
0.919
0.978
0.919
0.961
0.997
0.925
0.828
0.839
0.833
