0.861
0.836
0.844
0.839
0.869
0.922
0.881
0.833
0.833
0.842
0.833
0.853
0.911
0.908
0.917
0.878
0.903
0.867
0.9
0.936
0.889
0.847
0.842
0.833
0.878
0.889
0.894
0.892
0.836
0.839
0.833
0.878
0.883
0.869
0.869
0.825
0.786
0.817
0.828
0.842
0.842
0.831
0.828
0.8
0.786
0.811
0.856
0.869
0.836
0.833
0.817
0.811
0.85
0.864
0.925
0.881
0.836
0.858
0.831
0.817
0.858
0.883
0.894
0.839
0.822
0.853
0.833
0.853
0.881
0.889
0.831
0.797
0.844
0.831
0.836
0.867
0.878
0.869
0.814
0.831
0.847
0.833
0.856
0.858
0.853
0.819
0.806
0.828
0.839
0.833
