0.617
0.447
0.892
0.881
0.525
1.039
0.722
0.811
0.456
1.058
1.022
1.039
0.931
0.856
0.842
0.969
0.706
0.731
0.506
0.864
0.697
0.792
0.8
0.808
0.933
0.825
0.492
0.964
0.978
1.006
0.75
1.194
0.744
0.747
0.769
0.744
0.742
0.486
0.858
0.717
0.822
0.481
0.836
0.858
0.936
0.789
0.497
0.808
1.092
0.989
0.964
0.828
0.722
0.458
1.019
0.644
0.744
0.889
0.864
0.844
0.753
0.642
0.706
0.633
0.819
0.719
0.789
0.831
0.864
1.033
0.639
0.775
0.986
0.914
0.872
0.919
0.686
0.742
0.619
0.714
0.453
0.997
1.031
1.017
1.217
0.942
0.711
0.669
0.772
0.883
