1.036				
1.006				
1.006				
1.058				
1.022				
1.039				
0.964				
0.878				
0.936				
1				
0.972				
0.919				
0.931				
0.856				
0.842				
0.847				
0.864				
0.828				
0.792				
0.8				
0.808				
0.775				
0.783				
0.794				
0.811				
0.786				
0.742				
0.683				
0.683				
0.7				
0.747				
0.769				
0.744				
0.839				
0.997				
0.956				
0.964				
0.978				
1.006				
0.978				
0.883				
0.828				
0.836				
0.858				
0.936				
0.942				
0.911				
0.917				
0.942				
0.958				
1				
1.092				
0.989				
0.964				
0.903				
0.853				
0.864				
0.889				
0.864				
0.844				
0.806				
0.742				
0.75				
0.789				
0.831				
0.864				
0.936				
1.031				
0.989				
0.903				
0.908				
0.967				
0.986				
0.914				
0.872				
0.892				
0.908				
0.911				
0.997				
1.031				
1.017				
0.981				
0.975				
0.925				
0.942				
0.975				
0.942				
0.836		
