0.825
0.875
0.894
0.869
0.836
0.828
0.822
0.853
0.867
0.872
0.872
0.861
0.822
0.814
0.833
0.861
0.889
0.872
0.847
0.828
0.847
0.836
0.847
0.875
0.869
0.856
0.825
0.817
0.825
0.889
0.886
0.858
0.856
0.822
0.833
0.836
0.858
0.872
0.894
0.85
0.814
0.822
0.822
0.878
0.892
0.875
0.847
0.842
0.825
0.819
0.85
0.878
0.881
0.867
0.817
0.814
0.85
0.867
0.875
0.872
0.853
0.836
0.833
0.822
0.836
0.892
0.886
0.853
0.825
0.828
0.831
0.872
0.875
0.869
0.864
0.844
0.822
0.817
0.847
0.869
0.894
0.861
0.831
0.819
0.858
0.853
0.858
0.875
0.856
0.836