0.828
0.836
0.9
0.869
0.836
0.828
0.819
0.839
0.861
0.867
0.864
0.883
0.872
0.872
0.861
0.844
0.875
0.894
0.867
0.833
0.828
0.842
0.844
0.856
0.878
0.861
0.889
0.872
0.814
0.844
0.897
0.858
0.856
0.822
0.833
0.836
0.858
0.861
0.881
0.894
0.842
0.814
0.819
0.836
0.883
0.875
0.847
0.842
0.842
0.822
0.822
0.861
0.875
0.881
0.856
0.825
0.817
0.861
0.872
0.864
0.861
0.844
0.833
0.817
0.814
0.85
0.906
0.869
0.836
0.831
0.822
0.842
0.875
0.869
0.864
0.872
0.822
0.814
0.825
0.853
0.892
0.894
0.85
0.814
0.842
0.836
0.856
0.867
0.856
0.836
0.828
