0.797
0.828
0.839
0.878
0.858
0.825
0.806
0.8
0.811
0.761
0.797
0.811
0.85
0.808
0.806
0.797
0.828
0.839
0.808
0.836
0.886
0.792
0.794
0.808
0.853
0.856
0.839
0.794
0.836
0.861
0.806
0.825
0.861
0.833
0.825
0.825
0.853
0.728
0.822
0.856
0.867
0.839
0.817
0.825
0.8
0.794
0.836
0.861
0.861
0.819
0.8
0.856
0.867
0.839
0.858
0.864
0.847
0.792
0.797
0.831
0.819
0.831
0.85
0.847
0.822
0.792
0.806
0.844
0.844
0.839
0.842
0.831
0.806
0.794
0.808
0.861
0.85
0.833
0.825
0.825
0.806
0.8
0.842
0.869
0.842
0.822
0.797
0.814
0.806
0.811
