1.092
1.1
0.972
0.975
0.994
1.044
0.983
0.964
1.017
1.089
1.114
1.103
1.381
1.025
1.053
1.047
1.092
1.092
1.025
1.044
1.033
1.061
1.103
1.083
1.064
1.072
1.028
1.031
1.078
1.108
0.986
0.961
0.961
1.603
1.017
0.986
1.133
1.192
1.094
1.1
1.022
1.025
0.981
0.989
1.072
1.031
1.072
1.086
0.978
1.011
1.097
1.117
1.047
1.033
1.031
1.086
1.089
1.119
1.003
1.064
1.022
1.122
1.064
1.172
1
0.981
1.022
1.158
1.092
1.061
1.069
1.039
1.044
1.139
1.064
1.058
1.042
1.022
0.947
0.983
1.097
1.019
1.061
1.031
1.067
1.081
1.083
1.044
0.967
1.039

















