0.983
0.964
1.017
0.939
0.911
0.933
1
1.033
0.969
0.986
0.919
0.503
1.381
1.025
1.053
1.014
1.111
1.011
1.131
1.114
1.111
1.025
1.044
1.033
1.089
1.083
1.047
1.006
1.031
0.5
1.603
1.017
0.986
0.931
0.964
1.056
1.133
1.192
1.094
1.056
1.042
1.106
1.106
1.069
1.069
1.036
1.036
1.106
1.097
0.994
1
1.031
1.072
1.086
1.092
0.989
1.017
1.022
1.05
1.036
1.019
1.097
1.169
1.186
1.158
1.1
1.061
1.069
1.039
1.097
1.114
1.094
1.011
1.058
1.075
1.122
1.064
0.986
0.947
0.983
1.097
1.197
1.233
1.208
0.947
0.983
1.097
1.089
1.044
1.028

